,S_No,Year,Month,Product_ID,Country,Sales
0,79073,2016,4,1,Argentina,15016050.0
1,79074,2016,5,1,Argentina,15016050.0
2,79075,2016,6,1,Argentina,15016050.0
3,79076,2016,7,1,Argentina,15016050.0
4,79077,2016,8,1,Argentina,15016050.0
5,79078,2016,9,1,Argentina,15016050.0
6,79079,2016,10,1,Argentina,15016050.0
7,79080,2016,11,1,Argentina,15016050.0
8,79081,2016,12,1,Argentina,15016050.0
9,79082,2017,1,1,Argentina,15016050.0
10,79083,2017,2,1,Argentina,15016050.0
11,79084,2017,3,1,Argentina,15016050.0
12,79085,2016,4,2,Argentina,7456706.740000001
13,79086,2016,5,2,Argentina,7456706.740000001
14,79087,2016,6,2,Argentina,7456706.740000001
15,79088,2016,7,2,Argentina,7456706.740000001
16,79089,2016,8,2,Argentina,7456706.740000001
17,79090,2016,9,2,Argentina,7456706.740000001
18,79091,2016,10,2,Argentina,7456706.740000001
19,79092,2016,11,2,Argentina,7456706.740000001
20,79093,2016,12,2,Argentina,7456706.740000001
21,79094,2017,1,2,Argentina,7456706.740000001
22,79095,2017,2,2,Argentina,7456706.740000001
23,79096,2017,3,2,Argentina,7456706.740000001
24,79097,2017,1,3,Argentina,16550100.0
25,79098,2017,2,3,Argentina,16550100.0
26,79099,2017,3,3,Argentina,16550100.0
